#TH	SFDR	SCNPV
0.000	0.5000	0.0000
0.001	0.4972	0.0032
0.002	0.4896	0.0032
0.003	0.4826	0.0032
0.004	0.4760	0.0036
0.005	0.4690	0.0036
0.006	0.4624	0.0042
0.007	0.4562	0.0046
0.008	0.4500	0.0050
0.009	0.4446	0.0052
0.010	0.4388	0.0054
0.011	0.4336	0.0062
0.012	0.4284	0.0066
0.013	0.4236	0.0072
0.014	0.4190	0.0078
0.015	0.4140	0.0080
0.016	0.4096	0.0088
0.017	0.4054	0.0090
0.018	0.4014	0.0096
0.019	0.3972	0.0100
0.020	0.3932	0.0104
0.021	0.3892	0.0108
0.022	0.3858	0.0112
0.023	0.3822	0.0116
0.024	0.3792	0.0126
0.025	0.3756	0.0126
0.026	0.3722	0.0130
0.027	0.3692	0.0136
0.028	0.3660	0.0142
0.029	0.3630	0.0144
0.030	0.3598	0.0146
0.031	0.3566	0.0150
0.032	0.3542	0.0152
0.033	0.3514	0.0156
0.034	0.3488	0.0162
0.035	0.3462	0.0164
0.036	0.3436	0.0166
0.037	0.3412	0.0170
0.038	0.3388	0.0172
0.039	0.3364	0.0176
0.040	0.3340	0.0176
0.041	0.3316	0.0178
0.042	0.3294	0.0184
0.043	0.3274	0.0186
0.044	0.3254	0.0192
0.045	0.3230	0.0194
0.046	0.3212	0.0194
0.047	0.3192	0.0200
0.048	0.3172	0.0204
0.049	0.3152	0.0204
0.050	0.3132	0.0208
0.051	0.3114	0.0212
0.052	0.3096	0.0212
0.053	0.3078	0.0216
0.054	0.3058	0.0220
0.055	0.3042	0.0224
0.056	0.3024	0.0226
0.057	0.3008	0.0228
0.058	0.2990	0.0232
0.059	0.2972	0.0234
0.060	0.2960	0.0236
0.061	0.2942	0.0240
0.062	0.2930	0.0242
0.063	0.2912	0.0244
0.064	0.2898	0.0248
0.065	0.2884	0.0250
0.066	0.2868	0.0254
0.067	0.2854	0.0254
0.068	0.2840	0.0258
0.069	0.2828	0.0260
0.070	0.2818	0.0264
0.071	0.2800	0.0266
0.072	0.2790	0.0270
0.073	0.2776	0.0272
0.074	0.2760	0.0278
0.075	0.2750	0.0278
0.076	0.2740	0.0282
0.077	0.2720	0.0288
0.078	0.2710	0.0288
0.079	0.2700	0.0288
0.080	0.2690	0.0292
0.081	0.2680	0.0298
0.082	0.2666	0.0298
0.083	0.2656	0.0298
0.084	0.2646	0.0300
0.085	0.2634	0.0308
0.086	0.2624	0.0308
0.087	0.2612	0.0308
0.088	0.2600	0.0314
0.089	0.2590	0.0316
0.090	0.2576	0.0316
0.091	0.2568	0.0320
0.092	0.2558	0.0322
0.093	0.2548	0.0326
0.094	0.2538	0.0326
0.095	0.2528	0.0330
0.096	0.2518	0.0332
0.097	0.2510	0.0334
0.098	0.2500	0.0336
0.099	0.2494	0.0340
0.100	0.2484	0.0342
0.101	0.2474	0.0344
0.102	0.2464	0.0346
0.103	0.2454	0.0348
0.104	0.2444	0.0350
0.105	0.2438	0.0354
0.106	0.2430	0.0354
0.107	0.2420	0.0358
0.108	0.2412	0.0360
0.109	0.2404	0.0362
0.110	0.2398	0.0364
0.111	0.2388	0.0370
0.112	0.2380	0.0370
0.113	0.2372	0.0372
0.114	0.2364	0.0374
0.115	0.2354	0.0374
0.116	0.2348	0.0378
0.117	0.2342	0.0380
0.118	0.2332	0.0384
0.119	0.2326	0.0386
0.120	0.2318	0.0386
0.121	0.2310	0.0386
0.122	0.2304	0.0390
0.123	0.2298	0.0394
0.124	0.2288	0.0394
0.125	0.2284	0.0394
0.126	0.2276	0.0398
0.127	0.2268	0.0402
0.128	0.2262	0.0404
0.129	0.2256	0.0406
0.130	0.2248	0.0406
0.131	0.2242	0.0410
0.132	0.2234	0.0414
0.133	0.2228	0.0414
0.134	0.2220	0.0414
0.135	0.2216	0.0416
0.136	0.2208	0.0420
0.137	0.2200	0.0422
0.138	0.2194	0.0426
0.139	0.2190	0.0428
0.140	0.2182	0.0430
0.141	0.2176	0.0432
0.142	0.2168	0.0432
0.143	0.2166	0.0436
0.144	0.2156	0.0438
0.145	0.2152	0.0442
0.146	0.2146	0.0442
0.147	0.2136	0.0442
0.148	0.2134	0.0446
0.149	0.2126	0.0452
0.150	0.2122	0.0452
0.151	0.2116	0.0452
0.152	0.2108	0.0456
0.153	0.2106	0.0456
0.154	0.2096	0.0458
0.155	0.2094	0.0462
0.156	0.2086	0.0462
0.157	0.2084	0.0466
0.158	0.2076	0.0468
0.159	0.2074	0.0470
0.160	0.2070	0.0472
0.161	0.2064	0.0476
0.162	0.2054	0.0476
0.163	0.2054	0.0478
0.164	0.2048	0.0482
0.165	0.2044	0.0482
0.166	0.2038	0.0486
0.167	0.2034	0.0488
0.168	0.2026	0.0490
0.169	0.2022	0.0492
0.170	0.2018	0.0494
0.171	0.2014	0.0494
0.172	0.2010	0.0494
0.173	0.2004	0.0498
0.174	0.2000	0.0500
0.175	0.1994	0.0502
0.176	0.1988	0.0504
0.177	0.1984	0.0508
0.178	0.1976	0.0508
0.179	0.1974	0.0508
0.180	0.1968	0.0510
0.181	0.1964	0.0510
0.182	0.1958	0.0514
0.183	0.1954	0.0516
0.184	0.1948	0.0518
0.185	0.1948	0.0520
0.186	0.1938	0.0520
0.187	0.1938	0.0524
0.188	0.1930	0.0528
0.189	0.1928	0.0528
0.190	0.1924	0.0528
0.191	0.1918	0.0530
0.192	0.1918	0.0532
0.193	0.1910	0.0534
0.194	0.1908	0.0538
0.195	0.1900	0.0538
0.196	0.1898	0.0538
0.197	0.1890	0.0542
0.198	0.1888	0.0544
0.199	0.1886	0.0548
0.200	0.1880	0.0548
0.201	0.1876	0.0548
0.202	0.1870	0.0550
0.203	0.1868	0.0554
0.204	0.1862	0.0558
0.205	0.1860	0.0558
0.206	0.1854	0.0558
0.207	0.1850	0.0558
0.208	0.1848	0.0562
0.209	0.1842	0.0566
0.210	0.1840	0.0566
0.211	0.1834	0.0568
0.212	0.1830	0.0570
0.213	0.1828	0.0572
0.214	0.1822	0.0574
0.215	0.1820	0.0576
0.216	0.1818	0.0578
0.217	0.1812	0.0578
0.218	0.1810	0.0582
0.219	0.1804	0.0584
0.220	0.1800	0.0586
0.221	0.1800	0.0586
0.222	0.1792	0.0588
0.223	0.1790	0.0592
0.224	0.1786	0.0594
0.225	0.1782	0.0596
0.226	0.1780	0.0596
0.227	0.1774	0.0598
0.228	0.1770	0.0600
0.229	0.1770	0.0602
0.230	0.1762	0.0604
0.231	0.1760	0.0606
0.232	0.1758	0.0608
0.233	0.1750	0.0608
0.234	0.1750	0.0612
0.235	0.1748	0.0614
0.236	0.1740	0.0618
0.237	0.1740	0.0618
0.238	0.1736	0.0618
0.239	0.1730	0.0620
0.240	0.1728	0.0620
0.241	0.1720	0.0624
0.242	0.1720	0.0626
0.243	0.1718	0.0628
0.244	0.1712	0.0630
0.245	0.1710	0.0632
0.246	0.1710	0.0634
0.247	0.1704	0.0636
0.248	0.1700	0.0638
0.249	0.1698	0.0638
0.250	0.1698	0.0640
0.251	0.1690	0.0642
0.252	0.1688	0.0644
0.253	0.1684	0.0646
0.254	0.1680	0.0650
0.255	0.1678	0.0650
0.256	0.1674	0.0654
0.257	0.1668	0.0656
0.258	0.1668	0.0656
0.259	0.1666	0.0658
0.260	0.1660	0.0660
0.261	0.1658	0.0662
0.262	0.1658	0.0664
0.263	0.1652	0.0664
0.264	0.1648	0.0664
0.265	0.1648	0.0668
0.266	0.1640	0.0670
0.267	0.1638	0.0670
0.268	0.1638	0.0672
0.269	0.1632	0.0676
0.270	0.1628	0.0676
0.271	0.1628	0.0678
0.272	0.1624	0.0680
0.273	0.1618	0.0680
0.274	0.1618	0.0682
0.275	0.1614	0.0684
0.276	0.1612	0.0686
0.277	0.1610	0.0690
0.278	0.1604	0.0690
0.279	0.1602	0.0692
0.280	0.1602	0.0696
0.281	0.1598	0.0696
0.282	0.1594	0.0696
0.283	0.1592	0.0698
0.284	0.1590	0.0698
0.285	0.1588	0.0700
0.286	0.1584	0.0706
0.287	0.1580	0.0706
0.288	0.1578	0.0706
0.289	0.1576	0.0708
0.290	0.1572	0.0708
0.291	0.1570	0.0714
0.292	0.1568	0.0716
0.293	0.1566	0.0716
0.294	0.1560	0.0716
0.295	0.1560	0.0716
0.296	0.1558	0.0720
0.297	0.1554	0.0722
0.298	0.1550	0.0724
0.299	0.1548	0.0726
0.300	0.1548	0.0726
0.301	0.1544	0.0728
0.302	0.1538	0.0728
0.303	0.1538	0.0732
0.304	0.1534	0.0734
0.305	0.1530	0.0734
0.306	0.1528	0.0736
0.307	0.1528	0.0736
0.308	0.1522	0.0740
0.309	0.1518	0.0742
0.310	0.1518	0.0742
0.311	0.1516	0.0744
0.312	0.1510	0.0746
0.313	0.1508	0.0748
0.314	0.1508	0.0750
0.315	0.1504	0.0752
0.316	0.1500	0.0752
0.317	0.1498	0.0754
0.318	0.1496	0.0756
0.319	0.1492	0.0758
0.320	0.1490	0.0760
0.321	0.1488	0.0762
0.322	0.1488	0.0762
0.323	0.1482	0.0764
0.324	0.1480	0.0766
0.325	0.1476	0.0768
0.326	0.1476	0.0770
0.327	0.1472	0.0772
0.328	0.1470	0.0772
0.329	0.1466	0.0774
0.330	0.1466	0.0776
0.331	0.1464	0.0778
0.332	0.1458	0.0778
0.333	0.1456	0.0780
0.334	0.1456	0.0784
0.335	0.1454	0.0788
0.336	0.1450	0.0788
0.337	0.1448	0.0788
0.338	0.1446	0.0788
0.339	0.1444	0.0792
0.340	0.1442	0.0794
0.341	0.1438	0.0796
0.342	0.1436	0.0798
0.343	0.1434	0.0798
0.344	0.1430	0.0802
0.345	0.1428	0.0804
0.346	0.1424	0.0804
0.347	0.1424	0.0806
0.348	0.1422	0.0808
0.349	0.1416	0.0808
0.350	0.1414	0.0812
0.351	0.1414	0.0812
0.352	0.1412	0.0814
0.353	0.1408	0.0818
0.354	0.1404	0.0818
0.355	0.1404	0.0818
0.356	0.1402	0.0822
0.357	0.1400	0.0824
0.358	0.1394	0.0824
0.359	0.1394	0.0828
0.360	0.1392	0.0828
0.361	0.1390	0.0830
0.362	0.1384	0.0832
0.363	0.1384	0.0836
0.364	0.1382	0.0836
0.365	0.1382	0.0838
0.366	0.1376	0.0842
0.367	0.1374	0.0842
0.368	0.1372	0.0844
0.369	0.1372	0.0846
0.370	0.1368	0.0848
0.371	0.1364	0.0850
0.372	0.1362	0.0852
0.373	0.1360	0.0852
0.374	0.1360	0.0854
0.375	0.1354	0.0860
0.376	0.1354	0.0860
0.377	0.1350	0.0860
0.378	0.1350	0.0862
0.379	0.1346	0.0866
0.380	0.1344	0.0866
0.381	0.1342	0.0870
0.382	0.1340	0.0872
0.383	0.1336	0.0872
0.384	0.1334	0.0874
0.385	0.1334	0.0874
0.386	0.1330	0.0878
0.387	0.1328	0.0880
0.388	0.1324	0.0882
0.389	0.1324	0.0882
0.390	0.1322	0.0884
0.391	0.1320	0.0886
0.392	0.1314	0.0890
0.393	0.1314	0.0890
0.394	0.1314	0.0892
0.395	0.1312	0.0894
0.396	0.1304	0.0896
0.397	0.1304	0.0896
0.398	0.1304	0.0898
0.399	0.1304	0.0902
0.400	0.1296	0.0904
0.401	0.1294	0.0904
0.402	0.1294	0.0904
0.403	0.1294	0.0906
0.404	0.1286	0.0910
0.405	0.1284	0.0912
0.406	0.1284	0.0914
0.407	0.1284	0.0914
0.408	0.1280	0.0916
0.409	0.1278	0.0920
0.410	0.1276	0.0920
0.411	0.1274	0.0922
0.412	0.1272	0.0922
0.413	0.1270	0.0926
0.414	0.1268	0.0926
0.415	0.1264	0.0930
0.416	0.1264	0.0932
0.417	0.1262	0.0932
0.418	0.1258	0.0932
0.419	0.1254	0.0934
0.420	0.1254	0.0938
0.421	0.1254	0.0942
0.422	0.1250	0.0942
0.423	0.1246	0.0942
0.424	0.1244	0.0942
0.425	0.1242	0.0946
0.426	0.1240	0.0950
0.427	0.1240	0.0952
0.428	0.1236	0.0952
0.429	0.1234	0.0952
0.430	0.1232	0.0954
0.431	0.1230	0.0956
0.432	0.1230	0.0962
0.433	0.1226	0.0962
0.434	0.1224	0.0962
0.435	0.1222	0.0962
0.436	0.1220	0.0964
0.437	0.1218	0.0968
0.438	0.1216	0.0972
0.439	0.1214	0.0972
0.440	0.1212	0.0972
0.441	0.1208	0.0972
0.442	0.1206	0.0976
0.443	0.1204	0.0980
0.444	0.1204	0.0982
0.445	0.1200	0.0982
0.446	0.1198	0.0982
0.447	0.1198	0.0988
0.448	0.1196	0.0990
0.449	0.1192	0.0992
0.450	0.1190	0.0992
0.451	0.1188	0.0992
0.452	0.1188	0.0998
0.453	0.1188	0.1000
0.454	0.1184	0.1002
0.455	0.1180	0.1002
0.456	0.1178	0.1002
0.457	0.1178	0.1004
0.458	0.1176	0.1008
0.459	0.1174	0.1010
0.460	0.1170	0.1012
0.461	0.1168	0.1012
0.462	0.1168	0.1012
0.463	0.1166	0.1016
0.464	0.1166	0.1018
0.465	0.1162	0.1018
0.466	0.1158	0.1022
0.467	0.1158	0.1022
0.468	0.1158	0.1026
0.469	0.1154	0.1026
0.470	0.1152	0.1028
0.471	0.1150	0.1030
0.472	0.1148	0.1034
0.473	0.1146	0.1036
0.474	0.1146	0.1036
0.475	0.1144	0.1038
0.476	0.1140	0.1038
0.477	0.1138	0.1044
0.478	0.1136	0.1046
0.479	0.1136	0.1046
0.480	0.1132	0.1048
0.481	0.1130	0.1048
0.482	0.1128	0.1050
0.483	0.1126	0.1054
0.484	0.1124	0.1056
0.485	0.1120	0.1058
0.486	0.1118	0.1058
0.487	0.1118	0.1060
0.488	0.1116	0.1062
0.489	0.1114	0.1064
0.490	0.1112	0.1066
0.491	0.1112	0.1070
0.492	0.1110	0.1070
0.493	0.1108	0.1070
0.494	0.1106	0.1074
0.495	0.1104	0.1076
0.496	0.1102	0.1080
0.497	0.1100	0.1080
0.498	0.1098	0.1080
0.499	0.1098	0.1086
0.500	0.1096	0.1086
0.501	0.1094	0.1090
0.502	0.1094	0.1090
0.503	0.1088	0.1090
0.504	0.1088	0.1094
0.505	0.1086	0.1096
0.506	0.1086	0.1098
0.507	0.1084	0.1100
0.508	0.1084	0.1100
0.509	0.1078	0.1102
0.510	0.1076	0.1104
0.511	0.1076	0.1108
0.512	0.1076	0.1110
0.513	0.1076	0.1110
0.514	0.1072	0.1114
0.515	0.1066	0.1114
0.516	0.1066	0.1116
0.517	0.1066	0.1118
0.518	0.1064	0.1120
0.519	0.1064	0.1124
0.520	0.1056	0.1124
0.521	0.1056	0.1128
0.522	0.1056	0.1128
0.523	0.1056	0.1132
0.524	0.1054	0.1134
0.525	0.1050	0.1134
0.526	0.1048	0.1138
0.527	0.1046	0.1138
0.528	0.1046	0.1142
0.529	0.1044	0.1144
0.530	0.1042	0.1144
0.531	0.1040	0.1144
0.532	0.1038	0.1148
0.533	0.1038	0.1150
0.534	0.1036	0.1152
0.535	0.1032	0.1154
0.536	0.1032	0.1154
0.537	0.1028	0.1158
0.538	0.1028	0.1160
0.539	0.1028	0.1162
0.540	0.1026	0.1164
0.541	0.1022	0.1166
0.542	0.1022	0.1166
0.543	0.1020	0.1170
0.544	0.1018	0.1174
0.545	0.1014	0.1174
0.546	0.1012	0.1174
0.547	0.1012	0.1176
0.548	0.1012	0.1178
0.549	0.1008	0.1180
0.550	0.1008	0.1184
0.551	0.1002	0.1186
0.552	0.1002	0.1186
0.553	0.1002	0.1188
0.554	0.1000	0.1192
0.555	0.0998	0.1196
0.556	0.0998	0.1196
0.557	0.0994	0.1196
0.558	0.0992	0.1200
0.559	0.0992	0.1202
0.560	0.0990	0.1206
0.561	0.0988	0.1206
0.562	0.0988	0.1206
0.563	0.0982	0.1210
0.564	0.0982	0.1214
0.565	0.0982	0.1216
0.566	0.0980	0.1216
0.567	0.0980	0.1220
0.568	0.0976	0.1222
0.569	0.0976	0.1226
0.570	0.0972	0.1226
0.571	0.0972	0.1228
0.572	0.0970	0.1230
0.573	0.0970	0.1234
0.574	0.0966	0.1236
0.575	0.0964	0.1238
0.576	0.0962	0.1240
0.577	0.0962	0.1242
0.578	0.0962	0.1244
0.579	0.0958	0.1244
0.580	0.0958	0.1248
0.581	0.0954	0.1252
0.582	0.0952	0.1254
0.583	0.0952	0.1254
0.584	0.0952	0.1256
0.585	0.0948	0.1260
0.586	0.0946	0.1262
0.587	0.0942	0.1264
0.588	0.0942	0.1264
0.589	0.0942	0.1266
0.590	0.0940	0.1268
0.591	0.0940	0.1274
0.592	0.0936	0.1274
0.593	0.0934	0.1276
0.594	0.0934	0.1276
0.595	0.0934	0.1284
0.596	0.0932	0.1284
0.597	0.0932	0.1286
0.598	0.0926	0.1288
0.599	0.0924	0.1290
0.600	0.0924	0.1292
0.601	0.0922	0.1294
0.602	0.0920	0.1298
0.603	0.0920	0.1300
0.604	0.0916	0.1304
0.605	0.0912	0.1304
0.606	0.0912	0.1304
0.607	0.0912	0.1308
0.608	0.0912	0.1310
0.609	0.0906	0.1312
0.610	0.0906	0.1318
0.611	0.0904	0.1318
0.612	0.0902	0.1320
0.613	0.0902	0.1322
0.614	0.0902	0.1326
0.615	0.0898	0.1328
0.616	0.0894	0.1330
0.617	0.0892	0.1330
0.618	0.0892	0.1334
0.619	0.0892	0.1338
0.620	0.0890	0.1340
0.621	0.0890	0.1340
0.622	0.0888	0.1342
0.623	0.0884	0.1348
0.624	0.0884	0.1350
0.625	0.0882	0.1350
0.626	0.0880	0.1350
0.627	0.0880	0.1358
0.628	0.0878	0.1360
0.629	0.0878	0.1360
0.630	0.0872	0.1360
0.631	0.0870	0.1362
0.632	0.0870	0.1370
0.633	0.0870	0.1370
0.634	0.0870	0.1370
0.635	0.0866	0.1376
0.636	0.0860	0.1380
0.637	0.0860	0.1380
0.638	0.0860	0.1382
0.639	0.0860	0.1386
0.640	0.0860	0.1386
0.641	0.0860	0.1390
0.642	0.0850	0.1394
0.643	0.0850	0.1396
0.644	0.0850	0.1398
0.645	0.0850	0.1402
0.646	0.0850	0.1404
0.647	0.0848	0.1406
0.648	0.0840	0.1410
0.649	0.0840	0.1412
0.650	0.0838	0.1412
0.651	0.0838	0.1416
0.652	0.0838	0.1422
0.653	0.0838	0.1424
0.654	0.0836	0.1424
0.655	0.0830	0.1426
0.656	0.0828	0.1432
0.657	0.0828	0.1434
0.658	0.0828	0.1436
0.659	0.0826	0.1438
0.660	0.0822	0.1442
0.661	0.0820	0.1444
0.662	0.0820	0.1448
0.663	0.0818	0.1450
0.664	0.0818	0.1454
0.665	0.0814	0.1456
0.666	0.0812	0.1458
0.667	0.0810	0.1460
0.668	0.0810	0.1462
0.669	0.0808	0.1466
0.670	0.0808	0.1470
0.671	0.0804	0.1472
0.672	0.0800	0.1472
0.673	0.0800	0.1476
0.674	0.0798	0.1482
0.675	0.0798	0.1482
0.676	0.0798	0.1484
0.677	0.0796	0.1486
0.678	0.0792	0.1492
0.679	0.0790	0.1494
0.680	0.0788	0.1496
0.681	0.0788	0.1500
0.682	0.0786	0.1502
0.683	0.0784	0.1506
0.684	0.0782	0.1506
0.685	0.0780	0.1510
0.686	0.0778	0.1514
0.687	0.0778	0.1516
0.688	0.0774	0.1520
0.689	0.0774	0.1524
0.690	0.0772	0.1524
0.691	0.0772	0.1530
0.692	0.0768	0.1534
0.693	0.0768	0.1534
0.694	0.0768	0.1538
0.695	0.0764	0.1542
0.696	0.0764	0.1544
0.697	0.0764	0.1550
0.698	0.0762	0.1552
0.699	0.0762	0.1552
0.700	0.0756	0.1558
0.701	0.0756	0.1562
0.702	0.0754	0.1562
0.703	0.0752	0.1564
0.704	0.0752	0.1572
0.705	0.0750	0.1572
0.706	0.0750	0.1574
0.707	0.0744	0.1582
0.708	0.0744	0.1582
0.709	0.0744	0.1584
0.710	0.0742	0.1590
0.711	0.0742	0.1592
0.712	0.0738	0.1596
0.713	0.0738	0.1598
0.714	0.0734	0.1602
0.715	0.0734	0.1604
0.716	0.0734	0.1608
0.717	0.0730	0.1614
0.718	0.0728	0.1616
0.719	0.0728	0.1616
0.720	0.0726	0.1622
0.721	0.0726	0.1626
0.722	0.0724	0.1630
0.723	0.0724	0.1632
0.724	0.0718	0.1634
0.725	0.0718	0.1640
0.726	0.0716	0.1642
0.727	0.0714	0.1646
0.728	0.0714	0.1650
0.729	0.0714	0.1652
0.730	0.0710	0.1656
0.731	0.0708	0.1658
0.732	0.0704	0.1662
0.733	0.0704	0.1664
0.734	0.0704	0.1670
0.735	0.0702	0.1672
0.736	0.0702	0.1676
0.737	0.0698	0.1680
0.738	0.0696	0.1684
0.739	0.0694	0.1686
0.740	0.0694	0.1690
0.741	0.0692	0.1694
0.742	0.0692	0.1696
0.743	0.0690	0.1700
0.744	0.0688	0.1704
0.745	0.0686	0.1708
0.746	0.0684	0.1710
0.747	0.0684	0.1716
0.748	0.0680	0.1718
0.749	0.0680	0.1722
0.750	0.0676	0.1724
0.751	0.0676	0.1728
0.752	0.0674	0.1732
0.753	0.0674	0.1736
0.754	0.0672	0.1740
0.755	0.0670	0.1744
0.756	0.0666	0.1748
0.757	0.0666	0.1754
0.758	0.0664	0.1756
0.759	0.0662	0.1762
0.760	0.0662	0.1762
0.761	0.0656	0.1768
0.762	0.0656	0.1772
0.763	0.0656	0.1774
0.764	0.0654	0.1780
0.765	0.0652	0.1782
0.766	0.0652	0.1786
0.767	0.0648	0.1792
0.768	0.0646	0.1792
0.769	0.0644	0.1800
0.770	0.0644	0.1802
0.771	0.0642	0.1808
0.772	0.0640	0.1812
0.773	0.0638	0.1812
0.774	0.0636	0.1820
0.775	0.0634	0.1822
0.776	0.0634	0.1828
0.777	0.0634	0.1832
0.778	0.0632	0.1836
0.779	0.0630	0.1842
0.780	0.0626	0.1844
0.781	0.0626	0.1850
0.782	0.0624	0.1854
0.783	0.0624	0.1858
0.784	0.0622	0.1860
0.785	0.0618	0.1864
0.786	0.0618	0.1868
0.787	0.0618	0.1874
0.788	0.0616	0.1876
0.789	0.0614	0.1884
0.790	0.0612	0.1886
0.791	0.0608	0.1894
0.792	0.0608	0.1896
0.793	0.0606	0.1902
0.794	0.0606	0.1904
0.795	0.0604	0.1912
0.796	0.0600	0.1914
0.797	0.0598	0.1916
0.798	0.0596	0.1922
0.799	0.0594	0.1926
0.800	0.0592	0.1932
0.801	0.0590	0.1936
0.802	0.0588	0.1942
0.803	0.0588	0.1946
0.804	0.0588	0.1948
0.805	0.0586	0.1956
0.806	0.0584	0.1958
0.807	0.0580	0.1968
0.808	0.0578	0.1968
0.809	0.0578	0.1976
0.810	0.0578	0.1980
0.811	0.0576	0.1986
0.812	0.0570	0.1992
0.813	0.0568	0.1992
0.814	0.0568	0.2000
0.815	0.0568	0.2002
0.816	0.0564	0.2012
0.817	0.0560	0.2014
0.818	0.0558	0.2022
0.819	0.0558	0.2024
0.820	0.0558	0.2032
0.821	0.0556	0.2036
0.822	0.0554	0.2042
0.823	0.0548	0.2046
0.824	0.0548	0.2052
0.825	0.0548	0.2058
0.826	0.0548	0.2062
0.827	0.0544	0.2068
0.828	0.0542	0.2072
0.829	0.0542	0.2082
0.830	0.0540	0.2084
0.831	0.0538	0.2092
0.832	0.0538	0.2096
0.833	0.0536	0.2102
0.834	0.0534	0.2112
0.835	0.0530	0.2114
0.836	0.0530	0.2122
0.837	0.0526	0.2126
0.838	0.0526	0.2132
0.839	0.0522	0.2142
0.840	0.0522	0.2144
0.841	0.0518	0.2152
0.842	0.0516	0.2156
0.843	0.0516	0.2162
0.844	0.0514	0.2170
0.845	0.0512	0.2176
0.846	0.0510	0.2180
0.847	0.0508	0.2190
0.848	0.0504	0.2194
0.849	0.0502	0.2202
0.850	0.0500	0.2208
0.851	0.0500	0.2214
0.852	0.0498	0.2218
0.853	0.0496	0.2228
0.854	0.0490	0.2232
0.855	0.0488	0.2240
0.856	0.0488	0.2248
0.857	0.0488	0.2254
0.858	0.0484	0.2262
0.859	0.0478	0.2270
0.860	0.0478	0.2274
0.861	0.0478	0.2282
0.862	0.0474	0.2292
0.863	0.0474	0.2298
0.864	0.0472	0.2306
0.865	0.0468	0.2314
0.866	0.0468	0.2322
0.867	0.0464	0.2328
0.868	0.0462	0.2334
0.869	0.0458	0.2344
0.870	0.0458	0.2350
0.871	0.0454	0.2358
0.872	0.0454	0.2366
0.873	0.0452	0.2374
0.874	0.0448	0.2378
0.875	0.0448	0.2388
0.876	0.0446	0.2398
0.877	0.0440	0.2408
0.878	0.0438	0.2414
0.879	0.0438	0.2422
0.880	0.0436	0.2430
0.881	0.0434	0.2440
0.882	0.0432	0.2450
0.883	0.0430	0.2458
0.884	0.0428	0.2466
0.885	0.0426	0.2474
0.886	0.0426	0.2484
0.887	0.0422	0.2490
0.888	0.0420	0.2500
0.889	0.0418	0.2510
0.890	0.0418	0.2520
0.891	0.0416	0.2530
0.892	0.0410	0.2540
0.893	0.0408	0.2548
0.894	0.0408	0.2556
0.895	0.0406	0.2566
0.896	0.0402	0.2578
0.897	0.0400	0.2590
0.898	0.0396	0.2600
0.899	0.0392	0.2610
0.900	0.0392	0.2620
0.901	0.0392	0.2628
0.902	0.0386	0.2640
0.903	0.0382	0.2650
0.904	0.0382	0.2660
0.905	0.0380	0.2670
0.906	0.0376	0.2684
0.907	0.0374	0.2696
0.908	0.0372	0.2706
0.909	0.0372	0.2720
0.910	0.0368	0.2732
0.911	0.0366	0.2744
0.912	0.0362	0.2756
0.913	0.0362	0.2770
0.914	0.0360	0.2782
0.915	0.0356	0.2794
0.916	0.0354	0.2804
0.917	0.0352	0.2822
0.918	0.0350	0.2834
0.919	0.0348	0.2844
0.920	0.0344	0.2860
0.921	0.0344	0.2874
0.922	0.0338	0.2886
0.923	0.0336	0.2900
0.924	0.0334	0.2916
0.925	0.0332	0.2928
0.926	0.0326	0.2940
0.927	0.0324	0.2958
0.928	0.0322	0.2972
0.929	0.0318	0.2986
0.930	0.0314	0.3002
0.931	0.0312	0.3018
0.932	0.0310	0.3032
0.933	0.0304	0.3048
0.934	0.0304	0.3062
0.935	0.0298	0.3082
0.936	0.0298	0.3096
0.937	0.0296	0.3112
0.938	0.0290	0.3130
0.939	0.0288	0.3148
0.940	0.0286	0.3166
0.941	0.0282	0.3186
0.942	0.0280	0.3200
0.943	0.0278	0.3220
0.944	0.0274	0.3240
0.945	0.0272	0.3258
0.946	0.0268	0.3276
0.947	0.0264	0.3296
0.948	0.0260	0.3316
0.949	0.0258	0.3338
0.950	0.0254	0.3358
0.951	0.0252	0.3382
0.952	0.0248	0.3402
0.953	0.0244	0.3422
0.954	0.0240	0.3442
0.955	0.0234	0.3468
0.956	0.0234	0.3490
0.957	0.0228	0.3512
0.958	0.0226	0.3536
0.959	0.0222	0.3560
0.960	0.0218	0.3584
0.961	0.0212	0.3612
0.962	0.0206	0.3634
0.963	0.0202	0.3662
0.964	0.0194	0.3684
0.965	0.0192	0.3714
0.966	0.0188	0.3744
0.967	0.0188	0.3770
0.968	0.0182	0.3802
0.969	0.0178	0.3828
0.970	0.0176	0.3860
0.971	0.0170	0.3888
0.972	0.0164	0.3922
0.973	0.0160	0.3954
0.974	0.0154	0.3984
0.975	0.0150	0.4016
0.976	0.0146	0.4052
0.977	0.0142	0.4084
0.978	0.0138	0.4124
0.979	0.0130	0.4156
0.980	0.0128	0.4192
0.981	0.0120	0.4230
0.982	0.0118	0.4268
0.983	0.0114	0.4308
0.984	0.0108	0.4348
0.985	0.0100	0.4388
0.986	0.0094	0.4430
0.987	0.0090	0.4478
0.988	0.0084	0.4518
0.989	0.0078	0.4564
0.990	0.0074	0.4612
0.991	0.0070	0.4660
0.992	0.0066	0.4714
0.993	0.0062	0.4762
0.994	0.0058	0.4818
0.995	0.0058	0.4868
0.996	0.0058	0.4916
0.997	0.0058	0.4958
0.998	0.0058	0.4988
0.999	0.0058	0.5000
1.000	0.0000	0.5000
