#TH	SFRD	SCNPV	IFDR	ICNPV
0.000	0.500	0.006	0.500	0.037
0.001	0.500	0.006	0.273	0.037
0.002	0.498	0.006	0.239	0.040
0.003	0.495	0.007	0.222	0.041
0.004	0.492	0.007	0.210	0.041
0.005	0.489	0.011	0.205	0.043
0.006	0.484	0.016	0.199	0.043
0.007	0.480	0.018	0.193	0.044
0.008	0.475	0.020	0.188	0.046
0.009	0.470	0.021	0.182	0.046
0.010	0.466	0.022	0.182	0.046
0.011	0.461	0.022	0.176	0.047
0.012	0.457	0.023	0.176	0.047
0.013	0.453	0.024	0.176	0.047
0.014	0.449	0.024	0.170	0.047
0.015	0.446	0.024	0.170	0.048
0.016	0.443	0.025	0.165	0.048
0.017	0.438	0.026	0.165	0.049
0.018	0.435	0.027	0.165	0.049
0.019	0.432	0.027	0.165	0.050
0.020	0.429	0.028	0.165	0.050
0.021	0.425	0.029	0.159	0.050
0.022	0.424	0.029	0.159	0.050
0.023	0.421	0.030	0.159	0.050
0.024	0.418	0.031	0.159	0.050
0.025	0.415	0.031	0.159	0.050
0.026	0.413	0.032	0.159	0.050
0.027	0.411	0.032	0.159	0.051
0.028	0.408	0.032	0.159	0.051
0.029	0.407	0.032	0.153	0.051
0.030	0.404	0.033	0.153	0.052
0.031	0.402	0.034	0.153	0.052
0.032	0.399	0.035	0.153	0.052
0.033	0.398	0.035	0.153	0.052
0.034	0.394	0.035	0.153	0.052
0.035	0.393	0.035	0.148	0.052
0.036	0.390	0.035	0.148	0.052
0.037	0.388	0.036	0.148	0.052
0.038	0.387	0.036	0.148	0.053
0.039	0.385	0.037	0.148	0.053
0.040	0.384	0.037	0.148	0.053
0.041	0.382	0.038	0.148	0.053
0.042	0.379	0.038	0.148	0.053
0.043	0.377	0.038	0.148	0.053
0.044	0.376	0.038	0.148	0.054
0.045	0.374	0.038	0.148	0.054
0.046	0.373	0.038	0.148	0.054
0.047	0.371	0.038	0.148	0.054
0.048	0.370	0.039	0.142	0.054
0.049	0.368	0.040	0.142	0.054
0.050	0.366	0.040	0.142	0.054
0.051	0.365	0.040	0.142	0.054
0.052	0.363	0.041	0.142	0.054
0.053	0.362	0.041	0.142	0.054
0.054	0.360	0.041	0.142	0.054
0.055	0.359	0.041	0.142	0.054
0.056	0.357	0.042	0.142	0.054
0.057	0.356	0.042	0.142	0.054
0.058	0.354	0.043	0.142	0.054
0.059	0.352	0.043	0.142	0.054
0.060	0.351	0.043	0.142	0.055
0.061	0.349	0.043	0.142	0.055
0.062	0.348	0.044	0.136	0.055
0.063	0.346	0.044	0.136	0.055
0.064	0.345	0.044	0.136	0.055
0.065	0.345	0.045	0.136	0.055
0.066	0.343	0.045	0.136	0.054
0.067	0.342	0.045	0.136	0.055
0.068	0.340	0.046	0.136	0.055
0.069	0.339	0.046	0.136	0.055
0.070	0.337	0.046	0.136	0.055
0.071	0.335	0.046	0.136	0.055
0.072	0.334	0.046	0.136	0.055
0.073	0.334	0.046	0.136	0.055
0.074	0.332	0.046	0.136	0.055
0.075	0.331	0.047	0.136	0.056
0.076	0.329	0.047	0.136	0.056
0.077	0.329	0.048	0.136	0.056
0.078	0.328	0.049	0.136	0.056
0.079	0.326	0.049	0.136	0.055
0.080	0.325	0.049	0.136	0.055
0.081	0.325	0.049	0.136	0.055
0.082	0.323	0.049	0.136	0.056
0.083	0.321	0.050	0.136	0.056
0.084	0.320	0.050	0.136	0.056
0.085	0.320	0.050	0.136	0.056
0.086	0.318	0.051	0.136	0.056
0.087	0.317	0.051	0.136	0.056
0.088	0.315	0.051	0.136	0.056
0.089	0.314	0.052	0.136	0.056
0.090	0.314	0.052	0.131	0.056
0.091	0.312	0.052	0.131	0.056
0.092	0.311	0.052	0.131	0.056
0.093	0.311	0.052	0.131	0.057
0.094	0.309	0.053	0.131	0.057
0.095	0.307	0.053	0.131	0.057
0.096	0.307	0.053	0.131	0.057
0.097	0.306	0.053	0.131	0.058
0.098	0.304	0.054	0.131	0.058
0.099	0.304	0.054	0.131	0.058
0.100	0.303	0.054	0.131	0.058
0.101	0.303	0.054	0.131	0.058
0.102	0.301	0.055	0.131	0.058
0.103	0.300	0.055	0.131	0.058
0.104	0.300	0.055	0.131	0.058
0.105	0.298	0.055	0.131	0.058
0.106	0.297	0.055	0.131	0.058
0.107	0.297	0.056	0.131	0.058
0.108	0.295	0.056	0.131	0.058
0.109	0.295	0.056	0.131	0.058
0.110	0.293	0.057	0.131	0.058
0.111	0.293	0.057	0.131	0.058
0.112	0.292	0.057	0.131	0.058
0.113	0.292	0.057	0.131	0.058
0.114	0.290	0.058	0.131	0.058
0.115	0.290	0.058	0.131	0.058
0.116	0.289	0.058	0.131	0.058
0.117	0.289	0.058	0.131	0.058
0.118	0.287	0.059	0.131	0.058
0.119	0.287	0.060	0.131	0.058
0.120	0.286	0.060	0.131	0.058
0.121	0.286	0.060	0.131	0.058
0.122	0.284	0.060	0.131	0.058
0.123	0.284	0.060	0.131	0.058
0.124	0.283	0.060	0.131	0.058
0.125	0.281	0.060	0.131	0.058
0.126	0.281	0.061	0.131	0.058
0.127	0.280	0.061	0.131	0.058
0.128	0.280	0.061	0.131	0.058
0.129	0.278	0.061	0.131	0.059
0.130	0.278	0.062	0.131	0.058
0.131	0.276	0.062	0.131	0.058
0.132	0.276	0.062	0.131	0.058
0.133	0.275	0.063	0.131	0.059
0.134	0.275	0.063	0.131	0.059
0.135	0.273	0.063	0.131	0.059
0.136	0.273	0.063	0.131	0.059
0.137	0.272	0.063	0.131	0.059
0.138	0.272	0.063	0.125	0.059
0.139	0.270	0.063	0.125	0.059
0.140	0.270	0.064	0.125	0.059
0.141	0.270	0.064	0.125	0.059
0.142	0.269	0.064	0.125	0.059
0.143	0.269	0.065	0.125	0.059
0.144	0.267	0.065	0.125	0.059
0.145	0.267	0.065	0.125	0.059
0.146	0.267	0.065	0.125	0.059
0.147	0.266	0.066	0.125	0.059
0.148	0.266	0.066	0.125	0.059
0.149	0.264	0.066	0.125	0.059
0.150	0.264	0.066	0.125	0.059
0.151	0.262	0.066	0.125	0.059
0.152	0.262	0.066	0.125	0.059
0.153	0.261	0.067	0.125	0.059
0.154	0.261	0.067	0.125	0.059
0.155	0.259	0.067	0.125	0.059
0.156	0.259	0.068	0.125	0.059
0.157	0.259	0.068	0.125	0.059
0.158	0.258	0.068	0.125	0.059
0.159	0.258	0.068	0.125	0.059
0.160	0.256	0.069	0.125	0.059
0.161	0.256	0.069	0.125	0.059
0.162	0.255	0.069	0.125	0.059
0.163	0.255	0.069	0.125	0.059
0.164	0.255	0.069	0.125	0.059
0.165	0.253	0.069	0.125	0.059
0.166	0.253	0.069	0.125	0.059
0.167	0.253	0.070	0.125	0.059
0.168	0.252	0.070	0.125	0.059
0.169	0.252	0.070	0.125	0.059
0.170	0.250	0.070	0.125	0.059
0.171	0.250	0.071	0.125	0.059
0.172	0.250	0.071	0.125	0.059
0.173	0.248	0.071	0.125	0.060
0.174	0.248	0.072	0.125	0.060
0.175	0.248	0.072	0.125	0.060
0.176	0.247	0.072	0.125	0.060
0.177	0.247	0.072	0.125	0.060
0.178	0.247	0.072	0.125	0.060
0.179	0.245	0.072	0.125	0.060
0.180	0.245	0.072	0.125	0.060
0.181	0.244	0.073	0.125	0.060
0.182	0.244	0.073	0.125	0.060
0.183	0.244	0.073	0.125	0.060
0.184	0.242	0.074	0.125	0.060
0.185	0.242	0.074	0.125	0.060
0.186	0.242	0.074	0.125	0.060
0.187	0.242	0.074	0.125	0.060
0.188	0.241	0.074	0.125	0.060
0.189	0.241	0.074	0.125	0.060
0.190	0.239	0.075	0.125	0.060
0.191	0.239	0.075	0.125	0.060
0.192	0.239	0.075	0.125	0.060
0.193	0.239	0.076	0.125	0.060
0.194	0.238	0.076	0.125	0.060
0.195	0.238	0.076	0.125	0.060
0.196	0.238	0.077	0.125	0.060
0.197	0.236	0.077	0.125	0.060
0.198	0.236	0.077	0.125	0.060
0.199	0.236	0.077	0.119	0.060
0.200	0.234	0.077	0.119	0.061
0.201	0.234	0.077	0.119	0.061
0.202	0.234	0.078	0.119	0.061
0.203	0.233	0.078	0.119	0.061
0.204	0.233	0.078	0.119	0.062
0.205	0.233	0.078	0.119	0.062
0.206	0.231	0.078	0.119	0.062
0.207	0.231	0.079	0.119	0.062
0.208	0.231	0.079	0.119	0.062
0.209	0.231	0.079	0.119	0.062
0.210	0.230	0.080	0.119	0.062
0.211	0.230	0.080	0.119	0.062
0.212	0.228	0.080	0.119	0.062
0.213	0.228	0.080	0.119	0.062
0.214	0.228	0.080	0.119	0.062
0.215	0.228	0.080	0.119	0.062
0.216	0.227	0.080	0.119	0.062
0.217	0.227	0.081	0.119	0.062
0.218	0.227	0.081	0.119	0.062
0.219	0.225	0.081	0.119	0.062
0.220	0.225	0.082	0.119	0.062
0.221	0.225	0.082	0.119	0.062
0.222	0.225	0.082	0.119	0.062
0.223	0.224	0.082	0.119	0.062
0.224	0.224	0.083	0.119	0.062
0.225	0.224	0.083	0.119	0.062
0.226	0.224	0.083	0.119	0.063
0.227	0.222	0.083	0.119	0.063
0.228	0.222	0.083	0.119	0.063
0.229	0.222	0.083	0.119	0.063
0.230	0.220	0.083	0.119	0.063
0.231	0.220	0.083	0.119	0.063
0.232	0.220	0.083	0.119	0.064
0.233	0.219	0.084	0.119	0.063
0.234	0.219	0.084	0.119	0.063
0.235	0.219	0.084	0.119	0.064
0.236	0.219	0.085	0.119	0.064
0.237	0.217	0.085	0.119	0.064
0.238	0.217	0.085	0.119	0.064
0.239	0.217	0.086	0.119	0.064
0.240	0.217	0.086	0.119	0.064
0.241	0.216	0.086	0.119	0.064
0.242	0.216	0.086	0.119	0.064
0.243	0.216	0.086	0.119	0.064
0.244	0.214	0.086	0.119	0.064
0.245	0.214	0.086	0.119	0.064
0.246	0.214	0.086	0.119	0.064
0.247	0.214	0.086	0.119	0.064
0.248	0.213	0.087	0.119	0.064
0.249	0.213	0.087	0.119	0.064
0.250	0.213	0.087	0.119	0.064
0.251	0.213	0.088	0.119	0.064
0.252	0.211	0.088	0.119	0.064
0.253	0.211	0.088	0.119	0.064
0.254	0.211	0.088	0.119	0.064
0.255	0.211	0.088	0.119	0.064
0.256	0.210	0.088	0.119	0.064
0.257	0.210	0.088	0.119	0.064
0.258	0.210	0.088	0.119	0.065
0.259	0.210	0.088	0.119	0.065
0.260	0.208	0.089	0.119	0.065
0.261	0.208	0.089	0.119	0.065
0.262	0.208	0.089	0.119	0.065
0.263	0.208	0.090	0.119	0.065
0.264	0.208	0.090	0.119	0.065
0.265	0.207	0.090	0.119	0.065
0.266	0.207	0.091	0.119	0.065
0.267	0.207	0.091	0.119	0.065
0.268	0.207	0.091	0.119	0.065
0.269	0.207	0.091	0.119	0.065
0.270	0.205	0.091	0.119	0.065
0.271	0.205	0.091	0.119	0.065
0.272	0.205	0.091	0.119	0.065
0.273	0.205	0.092	0.119	0.065
0.274	0.203	0.092	0.119	0.066
0.275	0.203	0.092	0.119	0.066
0.276	0.203	0.092	0.119	0.066
0.277	0.202	0.093	0.119	0.066
0.278	0.202	0.093	0.119	0.066
0.279	0.202	0.093	0.119	0.066
0.280	0.202	0.094	0.119	0.066
0.281	0.200	0.094	0.119	0.066
0.282	0.200	0.094	0.119	0.066
0.283	0.200	0.094	0.119	0.066
0.284	0.200	0.094	0.119	0.066
0.285	0.199	0.094	0.119	0.066
0.286	0.199	0.094	0.119	0.066
0.287	0.199	0.094	0.119	0.066
0.288	0.199	0.095	0.119	0.066
0.289	0.199	0.095	0.119	0.066
0.290	0.199	0.095	0.119	0.066
0.291	0.197	0.096	0.119	0.066
0.292	0.197	0.096	0.119	0.066
0.293	0.197	0.096	0.119	0.066
0.294	0.197	0.096	0.119	0.066
0.295	0.197	0.096	0.114	0.066
0.296	0.197	0.096	0.114	0.066
0.297	0.196	0.097	0.114	0.066
0.298	0.196	0.097	0.114	0.066
0.299	0.196	0.097	0.114	0.066
0.300	0.196	0.097	0.114	0.066
0.301	0.196	0.097	0.114	0.066
0.302	0.194	0.097	0.114	0.066
0.303	0.194	0.097	0.114	0.066
0.304	0.194	0.097	0.114	0.066
0.305	0.194	0.098	0.114	0.066
0.306	0.193	0.098	0.114	0.066
0.307	0.193	0.098	0.114	0.066
0.308	0.193	0.099	0.114	0.066
0.309	0.193	0.099	0.114	0.067
0.310	0.193	0.099	0.114	0.067
0.311	0.191	0.100	0.114	0.067
0.312	0.191	0.100	0.114	0.067
0.313	0.191	0.100	0.114	0.067
0.314	0.191	0.100	0.114	0.067
0.315	0.191	0.100	0.114	0.067
0.316	0.191	0.100	0.114	0.067
0.317	0.189	0.100	0.114	0.067
0.318	0.189	0.100	0.114	0.067
0.319	0.189	0.100	0.114	0.067
0.320	0.189	0.101	0.114	0.067
0.321	0.188	0.101	0.114	0.067
0.322	0.188	0.101	0.114	0.067
0.323	0.188	0.101	0.114	0.067
0.324	0.188	0.102	0.114	0.067
0.325	0.188	0.102	0.114	0.067
0.326	0.186	0.102	0.114	0.067
0.327	0.186	0.102	0.114	0.067
0.328	0.186	0.102	0.114	0.067
0.329	0.186	0.103	0.114	0.067
0.330	0.185	0.103	0.114	0.067
0.331	0.185	0.103	0.114	0.067
0.332	0.185	0.103	0.114	0.067
0.333	0.185	0.103	0.114	0.067
0.334	0.185	0.103	0.114	0.067
0.335	0.185	0.103	0.114	0.067
0.336	0.183	0.103	0.114	0.067
0.337	0.183	0.103	0.114	0.067
0.338	0.183	0.104	0.114	0.067
0.339	0.183	0.104	0.114	0.067
0.340	0.183	0.104	0.114	0.067
0.341	0.183	0.105	0.114	0.067
0.342	0.183	0.105	0.114	0.067
0.343	0.182	0.105	0.114	0.067
0.344	0.182	0.105	0.114	0.067
0.345	0.182	0.105	0.114	0.067
0.346	0.182	0.105	0.114	0.067
0.347	0.182	0.105	0.114	0.067
0.348	0.182	0.106	0.114	0.067
0.349	0.180	0.106	0.114	0.067
0.350	0.180	0.106	0.114	0.067
0.351	0.180	0.107	0.114	0.067
0.352	0.180	0.107	0.114	0.067
0.353	0.180	0.107	0.114	0.067
0.354	0.180	0.107	0.114	0.067
0.355	0.180	0.107	0.114	0.068
0.356	0.179	0.108	0.114	0.068
0.357	0.179	0.108	0.114	0.068
0.358	0.179	0.108	0.114	0.068
0.359	0.179	0.108	0.114	0.067
0.360	0.179	0.108	0.114	0.067
0.361	0.179	0.108	0.114	0.068
0.362	0.177	0.108	0.114	0.068
0.363	0.177	0.108	0.114	0.068
0.364	0.177	0.109	0.114	0.068
0.365	0.177	0.109	0.114	0.068
0.366	0.177	0.109	0.114	0.068
0.367	0.177	0.110	0.114	0.068
0.368	0.175	0.110	0.114	0.068
0.369	0.175	0.110	0.114	0.068
0.370	0.175	0.111	0.114	0.068
0.371	0.175	0.111	0.114	0.068
0.372	0.175	0.111	0.114	0.068
0.373	0.175	0.111	0.114	0.068
0.374	0.174	0.111	0.114	0.068
0.375	0.174	0.111	0.114	0.069
0.376	0.174	0.111	0.114	0.069
0.377	0.174	0.111	0.114	0.068
0.378	0.172	0.112	0.114	0.068
0.379	0.172	0.112	0.114	0.068
0.380	0.172	0.112	0.114	0.068
0.381	0.172	0.113	0.114	0.068
0.382	0.172	0.113	0.114	0.069
0.383	0.172	0.113	0.114	0.069
0.384	0.172	0.113	0.114	0.069
0.385	0.171	0.113	0.114	0.069
0.386	0.171	0.113	0.114	0.069
0.387	0.171	0.114	0.114	0.069
0.388	0.171	0.114	0.114	0.069
0.389	0.171	0.114	0.114	0.069
0.390	0.169	0.114	0.114	0.069
0.391	0.169	0.114	0.114	0.069
0.392	0.169	0.114	0.114	0.069
0.393	0.169	0.114	0.114	0.069
0.394	0.169	0.114	0.114	0.069
0.395	0.169	0.114	0.114	0.069
0.396	0.168	0.115	0.114	0.069
0.397	0.168	0.115	0.114	0.069
0.398	0.168	0.116	0.114	0.069
0.399	0.168	0.116	0.114	0.069
0.400	0.168	0.116	0.114	0.069
0.401	0.168	0.116	0.114	0.069
0.402	0.166	0.116	0.114	0.069
0.403	0.166	0.117	0.114	0.069
0.404	0.166	0.117	0.114	0.069
0.405	0.166	0.117	0.114	0.069
0.406	0.166	0.117	0.114	0.069
0.407	0.166	0.117	0.114	0.069
0.408	0.166	0.117	0.114	0.069
0.409	0.165	0.117	0.114	0.070
0.410	0.165	0.117	0.114	0.070
0.411	0.165	0.118	0.114	0.070
0.412	0.165	0.118	0.114	0.070
0.413	0.165	0.118	0.114	0.070
0.414	0.165	0.119	0.114	0.070
0.415	0.165	0.119	0.114	0.070
0.416	0.163	0.119	0.114	0.070
0.417	0.163	0.119	0.114	0.070
0.418	0.163	0.119	0.114	0.070
0.419	0.163	0.119	0.114	0.070
0.420	0.163	0.119	0.114	0.070
0.421	0.161	0.120	0.114	0.070
0.422	0.161	0.120	0.114	0.070
0.423	0.161	0.120	0.114	0.070
0.424	0.161	0.120	0.114	0.070
0.425	0.161	0.121	0.114	0.070
0.426	0.161	0.121	0.114	0.070
0.427	0.161	0.121	0.114	0.070
0.428	0.160	0.121	0.108	0.070
0.429	0.160	0.122	0.108	0.070
0.430	0.160	0.122	0.108	0.070
0.431	0.158	0.122	0.108	0.070
0.432	0.158	0.122	0.108	0.070
0.433	0.158	0.122	0.108	0.070
0.434	0.158	0.122	0.108	0.070
0.435	0.158	0.122	0.108	0.070
0.436	0.158	0.122	0.108	0.070
0.437	0.158	0.122	0.108	0.070
0.438	0.157	0.123	0.108	0.070
0.439	0.157	0.123	0.108	0.070
0.440	0.157	0.123	0.108	0.070
0.441	0.157	0.123	0.108	0.070
0.442	0.157	0.124	0.108	0.070
0.443	0.157	0.124	0.108	0.070
0.444	0.155	0.125	0.108	0.070
0.445	0.155	0.125	0.108	0.070
0.446	0.155	0.125	0.108	0.070
0.447	0.155	0.125	0.108	0.070
0.448	0.155	0.125	0.108	0.070
0.449	0.155	0.125	0.108	0.071
0.450	0.155	0.125	0.108	0.071
0.451	0.154	0.125	0.108	0.071
0.452	0.154	0.126	0.108	0.071
0.453	0.154	0.126	0.108	0.071
0.454	0.154	0.126	0.108	0.071
0.455	0.154	0.126	0.108	0.071
0.456	0.154	0.126	0.108	0.071
0.457	0.154	0.127	0.108	0.071
0.458	0.154	0.127	0.108	0.071
0.459	0.152	0.128	0.108	0.071
0.460	0.152	0.128	0.108	0.071
0.461	0.152	0.128	0.108	0.071
0.462	0.152	0.128	0.108	0.071
0.463	0.152	0.128	0.108	0.071
0.464	0.152	0.128	0.108	0.071
0.465	0.152	0.128	0.108	0.071
0.466	0.151	0.128	0.108	0.071
0.467	0.151	0.128	0.108	0.071
0.468	0.151	0.129	0.108	0.071
0.469	0.151	0.129	0.108	0.071
0.470	0.151	0.129	0.108	0.071
0.471	0.151	0.129	0.108	0.071
0.472	0.151	0.130	0.108	0.071
0.473	0.151	0.130	0.108	0.071
0.474	0.149	0.130	0.108	0.071
0.475	0.149	0.131	0.108	0.071
0.476	0.149	0.131	0.108	0.071
0.477	0.149	0.131	0.108	0.071
0.478	0.149	0.131	0.108	0.071
0.479	0.149	0.131	0.108	0.071
0.480	0.149	0.131	0.108	0.071
0.481	0.149	0.131	0.108	0.071
0.482	0.148	0.131	0.108	0.071
0.483	0.148	0.132	0.108	0.071
0.484	0.148	0.132	0.108	0.071
0.485	0.148	0.132	0.108	0.071
0.486	0.148	0.133	0.108	0.071
0.487	0.148	0.133	0.108	0.071
0.488	0.146	0.133	0.108	0.071
0.489	0.146	0.133	0.108	0.071
0.490	0.146	0.133	0.108	0.071
0.491	0.146	0.133	0.108	0.071
0.492	0.144	0.133	0.108	0.071
0.493	0.144	0.134	0.108	0.072
0.494	0.144	0.134	0.108	0.072
0.495	0.144	0.134	0.108	0.072
0.496	0.144	0.134	0.108	0.072
0.497	0.144	0.135	0.108	0.072
0.498	0.144	0.135	0.108	0.072
0.499	0.144	0.135	0.108	0.071
0.500	0.144	0.136	0.108	0.071
0.501	0.143	0.136	0.108	0.071
0.502	0.143	0.136	0.108	0.071
0.503	0.143	0.136	0.108	0.071
0.504	0.143	0.136	0.108	0.072
0.505	0.143	0.136	0.108	0.072
0.506	0.143	0.137	0.108	0.072
0.507	0.141	0.137	0.108	0.072
0.508	0.141	0.137	0.108	0.072
0.509	0.141	0.137	0.108	0.072
0.510	0.141	0.138	0.108	0.072
0.511	0.141	0.138	0.102	0.072
0.512	0.141	0.138	0.102	0.072
0.513	0.141	0.139	0.102	0.072
0.514	0.140	0.139	0.102	0.072
0.515	0.140	0.139	0.102	0.072
0.516	0.140	0.139	0.102	0.072
0.517	0.140	0.139	0.102	0.072
0.518	0.140	0.139	0.102	0.072
0.519	0.140	0.139	0.102	0.072
0.520	0.138	0.139	0.102	0.072
0.521	0.138	0.140	0.102	0.072
0.522	0.138	0.140	0.102	0.072
0.523	0.138	0.140	0.102	0.072
0.524	0.138	0.141	0.102	0.072
0.525	0.138	0.141	0.102	0.072
0.526	0.138	0.141	0.102	0.072
0.527	0.138	0.142	0.102	0.072
0.528	0.138	0.142	0.102	0.072
0.529	0.137	0.142	0.102	0.072
0.530	0.137	0.142	0.102	0.072
0.531	0.137	0.142	0.102	0.072
0.532	0.137	0.143	0.102	0.072
0.533	0.137	0.143	0.102	0.072
0.534	0.137	0.143	0.102	0.072
0.535	0.137	0.144	0.102	0.072
0.536	0.137	0.144	0.102	0.072
0.537	0.137	0.144	0.102	0.072
0.538	0.135	0.145	0.102	0.072
0.539	0.135	0.145	0.102	0.072
0.540	0.135	0.145	0.102	0.072
0.541	0.135	0.145	0.102	0.072
0.542	0.135	0.145	0.102	0.072
0.543	0.135	0.145	0.102	0.072
0.544	0.135	0.145	0.102	0.073
0.545	0.135	0.146	0.102	0.073
0.546	0.134	0.146	0.102	0.073
0.547	0.134	0.147	0.102	0.073
0.548	0.134	0.147	0.102	0.073
0.549	0.134	0.147	0.102	0.073
0.550	0.134	0.147	0.102	0.073
0.551	0.134	0.147	0.102	0.073
0.552	0.134	0.148	0.102	0.074
0.553	0.134	0.148	0.102	0.074
0.554	0.134	0.148	0.102	0.074
0.555	0.132	0.149	0.102	0.074
0.556	0.132	0.149	0.102	0.074
0.557	0.132	0.150	0.102	0.074
0.558	0.132	0.150	0.102	0.074
0.559	0.132	0.150	0.102	0.074
0.560	0.132	0.150	0.102	0.074
0.561	0.132	0.150	0.102	0.074
0.562	0.130	0.150	0.102	0.074
0.563	0.130	0.150	0.102	0.075
0.564	0.130	0.151	0.102	0.075
0.565	0.130	0.151	0.102	0.075
0.566	0.130	0.151	0.102	0.075
0.567	0.130	0.151	0.102	0.074
0.568	0.130	0.152	0.102	0.074
0.569	0.130	0.152	0.102	0.075
0.570	0.129	0.153	0.102	0.075
0.571	0.129	0.153	0.102	0.075
0.572	0.129	0.153	0.102	0.075
0.573	0.129	0.153	0.102	0.075
0.574	0.129	0.154	0.102	0.075
0.575	0.127	0.154	0.102	0.075
0.576	0.127	0.154	0.102	0.075
0.577	0.127	0.155	0.102	0.075
0.578	0.127	0.155	0.102	0.075
0.579	0.127	0.155	0.102	0.075
0.580	0.127	0.155	0.102	0.075
0.581	0.127	0.156	0.102	0.075
0.582	0.127	0.156	0.102	0.075
0.583	0.126	0.156	0.102	0.075
0.584	0.126	0.156	0.102	0.075
0.585	0.126	0.156	0.102	0.076
0.586	0.126	0.156	0.102	0.076
0.587	0.126	0.157	0.102	0.076
0.588	0.126	0.157	0.102	0.076
0.589	0.126	0.157	0.102	0.076
0.590	0.126	0.158	0.102	0.076
0.591	0.126	0.158	0.102	0.076
0.592	0.124	0.159	0.102	0.076
0.593	0.124	0.159	0.102	0.076
0.594	0.124	0.159	0.102	0.077
0.595	0.124	0.159	0.102	0.077
0.596	0.124	0.159	0.102	0.077
0.597	0.124	0.160	0.102	0.077
0.598	0.124	0.160	0.102	0.077
0.599	0.124	0.160	0.102	0.077
0.600	0.123	0.160	0.102	0.077
0.601	0.123	0.161	0.102	0.077
0.602	0.123	0.161	0.102	0.077
0.603	0.123	0.162	0.102	0.077
0.604	0.123	0.162	0.102	0.077
0.605	0.123	0.162	0.102	0.077
0.606	0.123	0.162	0.102	0.077
0.607	0.121	0.162	0.102	0.077
0.608	0.121	0.162	0.102	0.077
0.609	0.121	0.163	0.102	0.077
0.610	0.121	0.163	0.102	0.077
0.611	0.121	0.163	0.102	0.077
0.612	0.121	0.163	0.102	0.077
0.613	0.121	0.164	0.102	0.077
0.614	0.120	0.164	0.102	0.077
0.615	0.120	0.164	0.102	0.077
0.616	0.120	0.164	0.102	0.077
0.617	0.120	0.165	0.102	0.077
0.618	0.120	0.165	0.102	0.077
0.619	0.120	0.165	0.102	0.078
0.620	0.120	0.166	0.102	0.078
0.621	0.120	0.166	0.102	0.078
0.622	0.120	0.167	0.102	0.078
0.623	0.118	0.167	0.102	0.078
0.624	0.118	0.167	0.102	0.078
0.625	0.118	0.167	0.102	0.078
0.626	0.118	0.167	0.102	0.078
0.627	0.118	0.167	0.102	0.078
0.628	0.118	0.167	0.102	0.078
0.629	0.118	0.168	0.102	0.078
0.630	0.116	0.168	0.102	0.078
0.631	0.116	0.169	0.102	0.078
0.632	0.116	0.169	0.102	0.078
0.633	0.116	0.169	0.102	0.078
0.634	0.116	0.170	0.102	0.078
0.635	0.116	0.170	0.102	0.078
0.636	0.116	0.170	0.102	0.078
0.637	0.116	0.170	0.097	0.079
0.638	0.115	0.170	0.097	0.078
0.639	0.115	0.171	0.097	0.078
0.640	0.115	0.171	0.097	0.078
0.641	0.115	0.172	0.097	0.078
0.642	0.115	0.172	0.097	0.079
0.643	0.115	0.172	0.097	0.079
0.644	0.115	0.173	0.097	0.079
0.645	0.115	0.173	0.097	0.079
0.646	0.115	0.173	0.097	0.079
0.647	0.115	0.173	0.097	0.079
0.648	0.113	0.174	0.097	0.079
0.649	0.113	0.174	0.097	0.079
0.650	0.113	0.174	0.097	0.079
0.651	0.113	0.175	0.097	0.079
0.652	0.113	0.175	0.097	0.079
0.653	0.113	0.176	0.097	0.079
0.654	0.113	0.176	0.097	0.079
0.655	0.113	0.176	0.097	0.079
0.656	0.112	0.176	0.097	0.079
0.657	0.112	0.176	0.097	0.079
0.658	0.112	0.177	0.097	0.079
0.659	0.112	0.177	0.097	0.079
0.660	0.112	0.178	0.097	0.079
0.661	0.112	0.178	0.097	0.079
0.662	0.112	0.178	0.097	0.079
0.663	0.110	0.178	0.097	0.079
0.664	0.110	0.178	0.097	0.079
0.665	0.110	0.179	0.097	0.079
0.666	0.110	0.179	0.097	0.079
0.667	0.110	0.180	0.097	0.079
0.668	0.110	0.180	0.097	0.079
0.669	0.110	0.180	0.097	0.080
0.670	0.110	0.181	0.097	0.080
0.671	0.110	0.181	0.097	0.081
0.672	0.109	0.181	0.097	0.081
0.673	0.109	0.181	0.097	0.081
0.674	0.109	0.182	0.097	0.081
0.675	0.109	0.182	0.097	0.081
0.676	0.109	0.182	0.097	0.081
0.677	0.109	0.183	0.097	0.081
0.678	0.109	0.184	0.097	0.081
0.679	0.107	0.184	0.097	0.081
0.680	0.107	0.184	0.097	0.081
0.681	0.107	0.184	0.097	0.081
0.682	0.107	0.184	0.097	0.081
0.683	0.107	0.184	0.097	0.082
0.684	0.107	0.185	0.097	0.082
0.685	0.106	0.185	0.097	0.082
0.686	0.106	0.186	0.097	0.082
0.687	0.106	0.186	0.097	0.082
0.688	0.106	0.187	0.097	0.082
0.689	0.106	0.187	0.097	0.082
0.690	0.106	0.187	0.097	0.082
0.691	0.106	0.187	0.097	0.082
0.692	0.106	0.187	0.097	0.082
0.693	0.104	0.188	0.097	0.082
0.694	0.104	0.188	0.097	0.083
0.695	0.104	0.189	0.097	0.083
0.696	0.104	0.189	0.097	0.083
0.697	0.104	0.190	0.097	0.083
0.698	0.104	0.190	0.097	0.083
0.699	0.104	0.190	0.097	0.083
0.700	0.104	0.190	0.097	0.083
0.701	0.104	0.191	0.097	0.083
0.702	0.102	0.191	0.097	0.083
0.703	0.102	0.192	0.097	0.083
0.704	0.102	0.192	0.097	0.083
0.705	0.102	0.192	0.097	0.083
0.706	0.102	0.192	0.097	0.083
0.707	0.102	0.192	0.097	0.083
0.708	0.102	0.193	0.097	0.083
0.709	0.102	0.193	0.097	0.083
0.710	0.102	0.194	0.097	0.083
0.711	0.101	0.194	0.097	0.083
0.712	0.101	0.195	0.097	0.083
0.713	0.101	0.195	0.097	0.083
0.714	0.101	0.195	0.091	0.083
0.715	0.101	0.195	0.091	0.083
0.716	0.101	0.196	0.091	0.083
0.717	0.101	0.196	0.091	0.084
0.718	0.101	0.197	0.091	0.084
0.719	0.101	0.197	0.091	0.084
0.720	0.099	0.198	0.091	0.084
0.721	0.099	0.198	0.091	0.084
0.722	0.099	0.198	0.091	0.084
0.723	0.099	0.198	0.091	0.084
0.724	0.099	0.199	0.091	0.084
0.725	0.099	0.199	0.091	0.084
0.726	0.098	0.199	0.091	0.084
0.727	0.099	0.200	0.091	0.085
0.728	0.098	0.201	0.091	0.085
0.729	0.098	0.201	0.091	0.085
0.730	0.098	0.201	0.091	0.085
0.731	0.098	0.201	0.091	0.085
0.732	0.098	0.201	0.091	0.086
0.733	0.098	0.202	0.091	0.086
0.734	0.096	0.202	0.091	0.085
0.735	0.096	0.203	0.091	0.085
0.736	0.096	0.204	0.091	0.086
0.737	0.096	0.204	0.091	0.086
0.738	0.096	0.204	0.091	0.086
0.739	0.096	0.204	0.091	0.086
0.740	0.095	0.205	0.091	0.086
0.741	0.095	0.205	0.091	0.086
0.742	0.095	0.206	0.091	0.086
0.743	0.095	0.206	0.091	0.086
0.744	0.095	0.206	0.091	0.086
0.745	0.095	0.206	0.091	0.086
0.746	0.095	0.207	0.091	0.086
0.747	0.093	0.207	0.091	0.087
0.748	0.093	0.208	0.091	0.086
0.749	0.093	0.208	0.091	0.086
0.750	0.093	0.209	0.091	0.087
0.751	0.093	0.209	0.091	0.087
0.752	0.093	0.209	0.091	0.087
0.753	0.093	0.209	0.091	0.087
0.754	0.092	0.209	0.091	0.087
0.755	0.092	0.210	0.091	0.087
0.756	0.092	0.210	0.091	0.087
0.757	0.092	0.211	0.091	0.087
0.758	0.092	0.211	0.091	0.087
0.759	0.092	0.212	0.091	0.087
0.760	0.090	0.212	0.091	0.087
0.761	0.090	0.212	0.091	0.087
0.762	0.090	0.212	0.091	0.088
0.763	0.090	0.213	0.091	0.088
0.764	0.090	0.213	0.091	0.088
0.765	0.090	0.214	0.091	0.088
0.766	0.090	0.214	0.091	0.088
0.767	0.090	0.215	0.091	0.088
0.768	0.090	0.215	0.091	0.088
0.769	0.089	0.215	0.091	0.088
0.770	0.089	0.215	0.091	0.088
0.771	0.089	0.216	0.091	0.088
0.772	0.089	0.217	0.091	0.088
0.773	0.089	0.217	0.091	0.089
0.774	0.089	0.218	0.091	0.089
0.775	0.087	0.218	0.091	0.089
0.776	0.087	0.218	0.091	0.089
0.777	0.087	0.218	0.091	0.089
0.778	0.087	0.219	0.091	0.089
0.779	0.087	0.220	0.091	0.089
0.780	0.087	0.220	0.091	0.089
0.781	0.087	0.221	0.091	0.090
0.782	0.087	0.221	0.091	0.090
0.783	0.087	0.221	0.091	0.090
0.784	0.085	0.222	0.091	0.090
0.785	0.085	0.222	0.091	0.090
0.786	0.085	0.223	0.091	0.090
0.787	0.085	0.223	0.091	0.090
0.788	0.085	0.223	0.091	0.090
0.789	0.085	0.224	0.091	0.090
0.790	0.085	0.224	0.091	0.090
0.791	0.085	0.225	0.091	0.090
0.792	0.084	0.226	0.091	0.090
0.793	0.084	0.226	0.091	0.091
0.794	0.084	0.226	0.091	0.091
0.795	0.084	0.226	0.091	0.091
0.796	0.084	0.227	0.091	0.092
0.797	0.084	0.228	0.091	0.092
0.798	0.084	0.228	0.091	0.092
0.799	0.082	0.229	0.091	0.092
0.800	0.082	0.229	0.091	0.092
0.801	0.082	0.229	0.091	0.092
0.802	0.082	0.230	0.091	0.092
0.803	0.082	0.231	0.091	0.092
0.804	0.082	0.231	0.091	0.092
0.805	0.082	0.232	0.091	0.092
0.806	0.082	0.232	0.091	0.092
0.807	0.081	0.232	0.091	0.093
0.808	0.081	0.233	0.091	0.093
0.809	0.081	0.234	0.091	0.093
0.810	0.081	0.234	0.091	0.093
0.811	0.081	0.235	0.091	0.093
0.812	0.081	0.235	0.091	0.093
0.813	0.081	0.235	0.091	0.093
0.814	0.079	0.236	0.091	0.093
0.815	0.079	0.236	0.091	0.093
0.816	0.079	0.237	0.091	0.093
0.817	0.079	0.237	0.091	0.094
0.818	0.079	0.238	0.091	0.094
0.819	0.079	0.238	0.091	0.094
0.820	0.079	0.239	0.091	0.094
0.821	0.078	0.240	0.085	0.094
0.822	0.078	0.240	0.085	0.094
0.823	0.078	0.240	0.085	0.094
0.824	0.078	0.241	0.085	0.094
0.825	0.078	0.242	0.085	0.094
0.826	0.076	0.242	0.085	0.094
0.827	0.076	0.243	0.085	0.095
0.828	0.076	0.243	0.085	0.095
0.829	0.076	0.244	0.085	0.095
0.830	0.076	0.245	0.085	0.095
0.831	0.075	0.245	0.085	0.095
0.832	0.075	0.246	0.085	0.095
0.833	0.075	0.246	0.085	0.095
0.834	0.075	0.246	0.085	0.095
0.835	0.075	0.247	0.085	0.095
0.836	0.075	0.248	0.085	0.095
0.837	0.075	0.249	0.085	0.096
0.838	0.075	0.249	0.085	0.096
0.839	0.075	0.249	0.085	0.096
0.840	0.073	0.250	0.085	0.096
0.841	0.073	0.251	0.085	0.096
0.842	0.073	0.251	0.085	0.096
0.843	0.073	0.252	0.085	0.096
0.844	0.073	0.252	0.085	0.096
0.845	0.073	0.253	0.085	0.096
0.846	0.073	0.254	0.085	0.096
0.847	0.071	0.254	0.085	0.096
0.848	0.071	0.254	0.085	0.096
0.849	0.071	0.255	0.085	0.097
0.850	0.071	0.256	0.085	0.097
0.851	0.071	0.257	0.085	0.097
0.852	0.071	0.257	0.085	0.098
0.853	0.071	0.258	0.085	0.098
0.854	0.070	0.259	0.085	0.098
0.855	0.070	0.260	0.085	0.098
0.856	0.070	0.260	0.085	0.098
0.857	0.070	0.260	0.085	0.098
0.858	0.070	0.261	0.085	0.098
0.859	0.070	0.262	0.085	0.099
0.860	0.068	0.263	0.085	0.099
0.861	0.068	0.263	0.085	0.099
0.862	0.068	0.264	0.085	0.099
0.863	0.068	0.265	0.085	0.099
0.864	0.068	0.265	0.085	0.099
0.865	0.067	0.266	0.085	0.099
0.866	0.067	0.266	0.085	0.099
0.867	0.067	0.267	0.085	0.100
0.868	0.067	0.268	0.085	0.100
0.869	0.067	0.268	0.085	0.100
0.870	0.065	0.269	0.085	0.100
0.871	0.065	0.270	0.085	0.100
0.872	0.065	0.271	0.085	0.101
0.873	0.065	0.271	0.085	0.101
0.874	0.064	0.272	0.085	0.101
0.875	0.064	0.273	0.080	0.101
0.876	0.064	0.274	0.080	0.101
0.877	0.064	0.274	0.080	0.101
0.878	0.064	0.275	0.080	0.102
0.879	0.064	0.276	0.080	0.102
0.880	0.064	0.277	0.080	0.103
0.881	0.062	0.277	0.080	0.103
0.882	0.062	0.278	0.080	0.103
0.883	0.062	0.279	0.080	0.103
0.884	0.062	0.280	0.080	0.103
0.885	0.062	0.281	0.080	0.103
0.886	0.062	0.282	0.080	0.104
0.887	0.062	0.282	0.080	0.104
0.888	0.061	0.283	0.080	0.105
0.889	0.061	0.284	0.080	0.105
0.890	0.061	0.285	0.080	0.105
0.891	0.061	0.285	0.080	0.105
0.892	0.061	0.286	0.080	0.105
0.893	0.059	0.287	0.080	0.105
0.894	0.059	0.288	0.080	0.105
0.895	0.059	0.289	0.080	0.106
0.896	0.059	0.290	0.080	0.106
0.897	0.059	0.291	0.080	0.106
0.898	0.057	0.291	0.080	0.106
0.899	0.057	0.292	0.080	0.106
0.900	0.057	0.294	0.080	0.107
0.901	0.057	0.294	0.080	0.107
0.902	0.057	0.295	0.080	0.107
0.903	0.056	0.296	0.080	0.107
0.904	0.056	0.297	0.080	0.107
0.905	0.056	0.298	0.080	0.107
0.906	0.056	0.299	0.080	0.108
0.907	0.056	0.300	0.080	0.109
0.908	0.054	0.301	0.080	0.109
0.909	0.054	0.302	0.080	0.109
0.910	0.054	0.303	0.080	0.109
0.911	0.054	0.305	0.080	0.110
0.912	0.053	0.305	0.080	0.110
0.913	0.053	0.306	0.080	0.110
0.914	0.053	0.307	0.080	0.110
0.915	0.053	0.308	0.080	0.111
0.916	0.053	0.309	0.080	0.111
0.917	0.051	0.310	0.080	0.111
0.918	0.051	0.311	0.080	0.111
0.919	0.051	0.313	0.080	0.111
0.920	0.051	0.313	0.080	0.111
0.921	0.050	0.315	0.080	0.112
0.922	0.050	0.316	0.080	0.112
0.923	0.050	0.317	0.080	0.112
0.924	0.050	0.319	0.080	0.113
0.925	0.050	0.319	0.080	0.113
0.926	0.048	0.321	0.074	0.113
0.927	0.048	0.322	0.074	0.113
0.928	0.048	0.323	0.074	0.114
0.929	0.048	0.324	0.074	0.114
0.930	0.047	0.326	0.074	0.115
0.931	0.047	0.327	0.074	0.115
0.932	0.047	0.328	0.074	0.115
0.933	0.047	0.330	0.074	0.116
0.934	0.047	0.331	0.074	0.116
0.935	0.045	0.333	0.074	0.117
0.936	0.045	0.334	0.074	0.118
0.937	0.045	0.336	0.074	0.118
0.938	0.043	0.337	0.074	0.119
0.939	0.043	0.338	0.074	0.120
0.940	0.043	0.340	0.074	0.120
0.941	0.043	0.341	0.074	0.121
0.942	0.042	0.343	0.074	0.121
0.943	0.042	0.344	0.074	0.121
0.944	0.042	0.346	0.074	0.122
0.945	0.042	0.347	0.074	0.122
0.946	0.040	0.350	0.074	0.123
0.947	0.040	0.351	0.074	0.123
0.948	0.040	0.353	0.074	0.124
0.949	0.040	0.355	0.074	0.124
0.950	0.040	0.356	0.074	0.125
0.951	0.040	0.358	0.074	0.126
0.952	0.039	0.360	0.074	0.127
0.953	0.039	0.362	0.074	0.127
0.954	0.039	0.364	0.074	0.128
0.955	0.039	0.366	0.068	0.128
0.956	0.037	0.368	0.068	0.129
0.957	0.037	0.370	0.068	0.129
0.958	0.037	0.372	0.068	0.130
0.959	0.037	0.374	0.068	0.131
0.960	0.036	0.376	0.068	0.132
0.961	0.036	0.379	0.068	0.133
0.962	0.036	0.381	0.068	0.134
0.963	0.036	0.383	0.068	0.135
0.964	0.034	0.386	0.068	0.136
0.965	0.034	0.389	0.068	0.137
0.966	0.034	0.392	0.068	0.138
0.967	0.034	0.395	0.068	0.140
0.968	0.033	0.397	0.068	0.141
0.969	0.033	0.400	0.068	0.141
0.970	0.033	0.403	0.068	0.143
0.971	0.031	0.407	0.068	0.144
0.972	0.031	0.410	0.062	0.146
0.973	0.031	0.414	0.062	0.146
0.974	0.030	0.417	0.062	0.149
0.975	0.030	0.420	0.062	0.150
0.976	0.030	0.424	0.062	0.151
0.977	0.030	0.428	0.062	0.153
0.978	0.030	0.432	0.062	0.155
0.979	0.030	0.436	0.062	0.155
0.980	0.028	0.440	0.062	0.157
0.981	0.028	0.444	0.062	0.159
0.982	0.028	0.448	0.062	0.162
0.983	0.028	0.452	0.062	0.164
0.984	0.026	0.456	0.062	0.167
0.985	0.026	0.461	0.057	0.169
0.986	0.025	0.465	0.057	0.172
0.987	0.023	0.469	0.057	0.175
0.988	0.023	0.473	0.057	0.179
0.989	0.022	0.478	0.057	0.184
0.990	0.022	0.482	0.057	0.188
0.991	0.022	0.486	0.057	0.195
0.992	0.023	0.490	0.057	0.202
0.993	0.026	0.493	0.051	0.208
0.994	0.026	0.496	0.051	0.219
0.995	0.026	0.497	0.051	0.231
0.996	0.023	0.499	0.045	0.247
0.997	0.023	0.499	0.045	0.270
0.998	0.023	0.500	0.040	0.306
0.999	0.023	0.500	0.034	0.371
1.000	0.023	0.500	0.034	0.500
